98,35
70,1
70,3
9,5
10,288
10,264
10,256
10,218
10,294
10,316
10,124
10,72
10,2
10,3
11,25
11,15
11,20
9,7
9,4
9,1
9,6
9,2
9,3
8,15
8,16
8,7
8,14
8,12
8,17
0,515
94,4
94,3
94,2
94,1
94,0
92,3
92,2
92,1
92,0
91,5
91,4
91,3
91,2
91,1
91,0
89,4
89,3
89,2
89,1
89,0
83,5
83,4
83,3
83,2
83,1
83,0
74,4
74,3
74,1
73,4
73,3
73,1
72,4
72,3
72,1
46,3
46,1
45,3
45,1
44,4
44,3
44,1
42,5
42,3
42,1
39,3
39,1
37,3
37,1
35,3
35,1
28,3
28,1
25,3
25,1
20,3
20,2
20,1
19,3
19,2
19,1
18,3
18,1
14,5
14,4
14,3
14,2
14,1
13,3
13,1
12,3
12,2
12,1
11,29
11,28
11,27
11,26
11,23
11,22
11,21
11,19
11,16
11,14
11,13
11,12
11,11
11,10
11,7
11,6
